var flower = [
  4,6,8,10,12,
  20,22,24,26,28,30,
  36,38,40,42,44,46,48,
  52,54,56,58,60,62,64,66,
  68,70,72,74,76,78,80,82,84,
  86,88,90,92,94,96,98,100,
  104,106,108,110,112,114,116,
  122,124,126,128,130,132,
  140,142,144,146,148
];

var flower = [
  76,78,60,58,74,92,94,
  80,62,44,42,40,56,72,90,108,110,112,96,
  82,64,46,28,26,24,22,38,54,70,88,106,124,126,128,130,114,98,
  84,66,48,30,12,10,8,6,4,20,36,52,68,86,104,122,140,142,144,146,148,132,116,100
];

var flower = [
8  4,
7  12,14,
6  20,22,24,
5  28,30,32,34,
4  36,38,40,42,44,
3  46,48,50,52,
2  54,56,58,60,62,
1  64,66,68,70,
m  72,74,76,78,80,
1  82,84,86,88,
2  90,92,94,96,98,
3  100,102,104,106,
4  108,110,112,114,116,
5  118,120,122,124,
6  128,130,132,
7  138,140,
8  148
];
