/** Flowermatrix
8  4,
7  12,14,
6  20,22,24,
5  28,30,32,34,
4  36,38,40,42,44,
3  46,48,50,52,
2  54,56,58,60,62,
1  64,66,68,70,
m  72,74,76,78,80,
1  82,84,86,88,
2  90,92,94,96,98,
3  100,102,104,106,
4  108,110,112,114,116,
5  118,120,122,124,
6  128,130,132,
7  138,140,
8  148
*/

/** Treematrix small
4  40,
3  48,50,
1  66,68,
m  76,
1  84,86,
2  94,
4  112
*/

/** Treematrix big
4  4,
3  20,24,
1  56,60,
m  76,
1  92,96,
2  112,
4  148
*/

/** Metadronmatrix
8  4,
4  36,40,44,
2  56,60,
m  76,
2  92,96,
4  108,112,116,
8  148
*/

